{
    "m": 38555, 
    "inertia_matrix": [
        [14.23939826,  0.0       ,  0.0        ],
        [0.0        , 28.01193101,  0.0        ],
        [0.0        ,  0.0        , 44.3522241 ]
    ], 
    "mac": 3.4, 
    "s": 91.0, 
    "s_t": 29.0, 
    "l_t": 15.0, 
    "n": 5.5, 
    "alpha_0": -0.05, 

    "x_apt1": 13.6,
    "y_apt1": 2.5,
    "z_apt1": -1.2,

    "x_apt2": 13.6,
    "y_apt2": -2.5,
    "z_apt2": -1.2,

    "unit_sys": "SI"
}